233
51
261
477
250
59
464
354
47
385
171
340
497
217
221
390
56
216
251
392
196
123
96
346
173
292
410
99
58
419
65
433
304
213
365
127
374
397
408
15
156
90
484
390
278
357
272
334
92
215
362
190
69
421
343
14
29
492
62
232
361
117
451
371
470
420
154
64
56
302
278
119
485
272
332
333
183
317
347
280
328
251
410
205
491
302
282
170
468
409
209
69
102
372
488
145
166
142
213
393
226
44
191
471
475
104
487
51
170
86
223
362
111
485
71
228
269
227
403
69
430
37
88
117
343
496
149
500
188
210
345
317
194
395
95
359
301
449
42
421
94
65
325
95
329
431
79
481
346
18
88
310
65
149
127
63
351
399
332
450
370
235
227
477
381
172
439
58
200
439
457
138
96
494
204
131
438
454
118
405
241
498
347
289
50
213
285
120
435
71
397
106
62
483
101
232
394
206
244
433
318
341
421
78
22
84
475
150
186
191
463
291
314
133
73
295
305
333
462
424
141
295
159
60
294
239
35
169
322
117
41
126
371
479
66
378
245
274
178
468
170
109
490
88
288
279
403
308
333
289
46
161
296
360
99
338
351
404
355
449
290
206
184
6
447
115
403
361
481
62
488
54
123
27
153
336
385
371
180
341
76
210
315
132
43
317
55
39
136
304
170
300
166
16
168
194
34
433
180
18
396
79
273
170
169
146
259
351
243
75
436
324
113
341
258
70
140
229
216
27
440
188
420
198
272
187
149
74
377
25
260
13
480
217
14
321
230
48
490
77
316
31
486
47
238
39
500
441
399
146
152
28
500
92
243
330
6
409
190
439
28
485
144
50
238
6
315
497
187
445
356
276
131
99
174
284
368
408
109
23
133
105
171
387
478
436
233
75
329
112
22
24
471
381
423
55
61
26
464
154
463
152
89
446
58
285
170
266
237
338
203
151
108
439
233
196
147
37
253
345
65
465
457
290
385
263
253
67
32
331
410
220
374
311
472
474
246
489
204
148
187
140
311
79
168
201
398
252
59
375
401
3
313
24
82
366
213
442
388
293
149
283
339
9
201
451
195
494
387
4
209
112
310
184
23
381
49
85
148
251
19
468
493
25
45
128
141
150
323
380
26
186
458
291
202
248
347
136
398
442
127
364
246
35
292
436
257
381
418
428
207
3
35
121
200
368
14
221
183
204
187
79
374
215
442
395
19
264
118
450
27
466
64
13
175
192
270
265
9
300
103
451
245
23
277
157
451
73
263
312
138
209
6
164
168
88
355
182
300
407
232
206
376
411
241
290
72
23
77
79
178
436
94
34
416
54
437
207
224
498
75
373
249
459
387
128
15
427
211
404
104
43
282
198
495
371
408
248
337
362
144
434
124
118
69
43
24
437
100
457
151
449
318
218
416
43
84
329
308
173
384
346
451
204
157
207
137
35
375
342
350
375
217
61
186
96
1
303
371
230
193
209
34
313
60
10
146
320
480
88
317
483
426
457
146
210
346
301
478
236
251
114
344
402
239
473
217
120
312
336
15
286
172
115
22
129
66
298
192
494
344
206
292
324
347
136
33
469
432
266
384
109
186
341
92
293
130
342
275
249
351
382
174
231
51
90
7
145
166
195
435
138
155
276
422
271
183
333
133
285
260
450
231
149
356
150
270
48
87
413
463
60
354
445
59
199
354
418
213
238
462
67
255
451
230
368
75
449
69
390
366
203
174
50
399
145
47
128
409
174
70
379
85
400
494
145
259
226
264
380
471
59
309
446
289
35
474
192
265
10
375
386
447
293
463
122
221
414
155
200
420
13
333
426
260
233
439
111
400
323
290
51
23
143
179
294
212
76
373
448
332
2
135
361
375
117
452
374
323
41
329
134
268
184
139
164
365
44
73
134
400
460
236
338
365
33
420
255
69
277
62
184
188
101
271
495
27
151
464
179
392
227
304
445
151
333
454
465
137
90
60
108
168
264
5
89
77
71
130
458
422
282
174
154
32
147
430
237
50
160
71
274
409
388
317
241
112
103
237
264
122
490
277
47
166
308
3
490
474
249
103
142
236
499
24
218
121
402
498
144
409
121
80
354
429
149
223
10
110
299
58
44
476
425
210
67
305
395
192
378
472
89
398
161
317
239
314
47
269
358
287
8
378
364
246
11
296
330
494
477
415
259
129
150
234
86
253
420
40
68
35
424
55
498
76
164
445
61
296
103
378
414
494
26
172
54
343
462
81
469
488
181
231
92
262
367
464
42
272
180
447
49
8
459
254
443
312
215
450
165
109
83
260
277
90
164
80
60
381
120
214
424
469
371
493
492
316
202
468
121
52
429
176
71
466
419
61
346
69
457
31
339
97
266
359
358
122
424
74
383
265
280
324
16
201
473
416
261
402
451
122
460
197
293
430
102
107
459
246
104
487
22
410
95
363
263
33
475
30
100
358
24
47
4
135
390
140
225
274
9
266
309
387
107
90
424
447
61
338
20
480
12
54
316
40
26
61
271
257
292
65
137
106
15
399
178
15
210
146
239
9
76
183
80
102
88
489
258
196
65
215
196
493
152
10
48
429
498
337
86
44
165
203
432
467
477
128
129
249
238
222
442
446
485
434
478
425
91
305
327
176
296
442
185
112
156
48
182
484
182
151
192
234
377
438
335
4
257
325
157
268
40
14
11
216
210
287
110
385
240
38
188
78
4
118
137
448
316
224
487
373
491
454
288
119
494
384
492
125
336
71
37
125
212
490
153
161
124
231
381
311
20
259
45
315
405
229
355
308
497
375
221
445
497
161
259
179
482
179
474
65
293
132
9
79
436
169
226
181
495
124
399
312
290
313
425
87
197
200
413
280
144
32
83
317
150
217
41
40
431
61
449
389
120
63
498
224
87
378
3
190
238
404
359
89
132
389
59
166
20
325
452
415
332
214
364
133
226
374
37
442
192
420
358
457
274
406
51
372
116
402
424
122
221
118
73
6
179
418
288
135
476
370
413
119
344
320
43
401
201
42
343
3
233
346
360
370
263
229
260
187
439
418
235
480
406
153
255
139
206
322
461
367
112
251
307
68
400
173
251
399
45
141
177
328
347
89
271
255
16
372
302
109
369
202
496
495
351
308
153
250
308
430
7
434
95
265
208
435
352
455
277
187
423
71
288
379
104
360
203
438
62
460
249
453
13
443
85
409
49
272
145
23
129
407
436
31
107
164
247
439
465
335
346
129
119
195
48
423
279
156
230
401
320
382
467
116
245
431
184
485
56
42
122
115
491
494
481
77
456
68
422
386
456
421
314
443
302
500
172
311
261
305
340
169
119
499
135
204
105
186
97
477
488
319
268
206
290
160
152
189
112
34
181
25
205
99
219
335
392
376
243
332
363
147
338
52
211
331
173
268
431
353
380
178
375
67
360
222
362
462
91
145
37
168
249
87
14
18
487
476
314
387
285
450
167
306
180
369
326
139
407
125
39
308
146
298
219
248
85
145
464
88
13
383
171
271
144
399
422
380
219
459
471
137
172
439
328
384
255
287
24
43
336
179
208
41
34
301
41
418
345
17
438
55
221
67
211
160
12
26
144
429
110
20
6
471
401
150
456
243
205
247
186
440
459
298
225
195
389
316
75
61
37
242
87
387
356
263
376
186
163
194
440
321
28
18
427
59
291
65
130
71
82
486
287
118
204
82
375
201
342
333
158
320
114
337
404
148
307
369
90
286
245
18
348
448
158
491
13
72
441
470
453
271
192
117
220
151
437
116
350
5
170
246
334
144
32
74
233
93
198
390
214
187
8
451
113
366
453
211
111
19
474
70
321
438
315
452
332
88
483
308
398
424
357
221
489
35
386
43
343
449
49
465
278
242
257
200
59
121
251
120
179
242
310
486
335
340
499
428
379
390
93
463
421
153
383
487
333
495
121
487
273
144
375
371
238
184
449
137
357
392
69
71
167
178
305
435
371
320
231
303
192
479
393
496
129
488
292
192
285
347
453
310
412
239
210
75
290
231
192
401
339
357
488
497
344
421
442
221
325
239
235
30
469
121
91
442
172
108
465
39
43
236
6
380
465
488
498
269
424
19
15
409
16
97
459
178
339
193
379
149
412
20
72
84
153
272
358
225
122
417
228
227
232
459
362
129
197
149
11
196
126
62
47
192
144
101
486
482
356
305
255
65
294
238
68
401
202
43
438
292
335
14
206
46
13
389
113
101
432
389
101
203
424
487
440
305
363
344
10
173
214
469
467
90
252
211
216
38
344
264
37
339
225
11
18
198
448
84
186
221
234
17
478
86
15
235
221
416
444
280
59
303
246
309
105
309
66
29
3
155
41
133
386
228
188
285
291
158
300
358
12
170
72
478
420
242
180
122
126
212
403
192
366
361
425
170
121
245
472
208
136
254
285
320
256
452
396
362
285
278
230
186
429
142
490
83
132
162
398
452
99
326
324
142
169
457
467
300
130
432
447
335
27
363
452
397
206
7
278
309
308
493
98
457
242
85
478
453
146
184
299
448
204
250
364
460
135
312
53
226
262
72
408
200
41
239
278
374
20
498
357
477
500
290
497
376
90
323
421
116
162
226
362
334
131
45
389
325
130
6
229
115
445
384
213
279
30
316
60
20
248
412
498
111
278
163
403
144
412
119
223
394
47
64
368
329
180
168
433
220
37
442
310
254
3
390
390
66
260
436
83
22
123
424
255
448
333
193
321
260
176
307
307
232
123
387
260
363
139
364
366
196
122
47
384
84
150
331
461
321
287
103
213
238
476
129
418
497
190
390
456
193
174
377
344
99
41
286
291
86
4
348
114
299
328
372
143
426
283
178
324
100
484
26
65
79
471
400
331
25
334
483
299
373
250
119
249
196
46
70
148
241
160
125
202
399
461
266
46
197
45
448
267
36
45
179
417
139
382
468
334
180
36
424
168
272
417
160
471
479
45
249
266
422
133
75
285
443
260
277
18
251
399
21
199
63
341
291
443
459
303
145
432
306
353
476
318
396
233
261
423
170
77
481
259
296
419
298
7
432
421
232
85
281
197
299
175
442
462
237
499
283
379
365
493
175
454
69
470
258
180
410
494
468
100
5
168
118
46
373
290
482
169
378
216
393
229
429
366
394
468
388
473
95
19
233
474
123
177
198
452
238
303
183
119
147
403
3
476
95
490
494
396
215
158
60
5
43
54
278
72
369
253
95
23
450
55
109
374
346
368
295
25
427
66
367
421
186
210
279
64
221
163
292
42
133
485
239
485
174
240
272
106
55
135
398
237
154
304
461
125
372
420
327
133
182
282
362
139
55
141
249
303
385
68
483
261
463
311
20
33
287
497
193
430
277
23
368
449
170
134
481
271
13
304
197
463
429
317
213
418
87
435
298
321
369
189
314
105
387
97
403
334
368
34
446
398
372
425
159
208
500
47
15
76
44
110
373
411
137
356
298
338
428
337
452
363
396
391
222
311
216
330
25
463
33
393
228
142
353
294
269
230
282
256
257
386
376
176
452
500
15
89
494
285
11
270
349
52
474
63
236
50
151
282
127
312
251
237
292
16
245
150
184
40
350
84
73
263
243
7
358
427
71
107
47
437
477
15
361
432
96
96
218
405
267
76
232
499
36
198
162
307
209
71
417
31
326
384
472
386
274
400
125
295
400
40
184
25
481
285
328
495
472
472
469
108
115
361
152
354
160
367
279
225
244
434
474
255
310
209
192
52
332
487
163
40
214
220
21
478
384
144
268
147
24
483
263
391
415
29
53
92
319
480
92
496
275
161
209
308
218
467
360
458
358
321
259
250
422
448
191
81
254
141
102
159
265
496
378
171
111
472
225
452
372
460
381
445
466
428
262
387
488
384
382
463
100
151
79
351
211
467
307
440
108
137
471
376
313
408
474
283
8
425
232
257
303
418
38
494
89
4
199
176
286
361
151
242
380
436
477
363
310
481
146
474
26
302
255
485
246
120
51
305
333
355
500
197
192
286
1
47
385
138
273
64
13
251
79
192
110
30
266
431
80
196
144
192
277
122
447
186
369
220
337
491
287
420
217
308
414
316
403
149
92
80
474
338
440
303
62
363
102
33
444
49
257
125
64
110
280
105
289
220
226
4
316
366
306
402
100
76
454
481
44
431
327
496
169
308
438
212
453
121
97
447
36
193
158
202
421
176
450
74
6
334
25
67
13
403
174
227
174
353
309
418
137
275
397
267
59
380
148
122
7
262
74
415
60
105
189
360
172
426
116
482
433
396
8
162
233
261
398
229
308
350
33
376
442
251
180
203
34
54
236
302
282
377
392
408
370
309
321
388
482
28
97
410
125
393
448
71
203
78
253
57
323
79
110
425
92
283
265
192
334
103
390
414
48
377
202
355
489
200
432
413
305
311
393
415
432
449
23
409
441
439
324
16
165
304
220
14
16
306
65
213
394
91
455
434
209
85
216
134
487
88
141
95
363
369
342
488
183
192
456
385
370
412
252
342
235
333
230
413
310
361
224
110
411
230
129
108
297
37
260
55
443
375
147
180
271
78
458
323
252
368
317
299
381
115
185
175
447
174
165
493
222
102
448
421
130
278
197
58
312
99
78
54
494
446
279
364
414
220
448
21
114
5
344
494
153
15
315
268
286
151
307
41
154
150
122
424
36
247
325
343
449
445
364
461
495
313
103
479
494
103
368
8
103
83
372
40
232
144
202
471
458
323
306
54
458
34
191
276
120
496
273
160
52
273
291
374
329
159
455
480
74
17
272
170
494
378
45
437
67
29
291
377
199
259
394
97
286
196
378
274
480
342
439
376
423
500
236
2
415
419
208
255
433
10
41
462
483
185
354
148
273
141
49
380
141
126
42
403
300
48
10
427
423
402
74
233
488
225
182
199
167
103
392
22
173
304
350
97
128
476
250
98
74
266
165
198
159
189
99
160
499
316
332
50
452
499
457
468
437
256
209
434
25
239
475
222
162
308
444
369
103
214
381
308
423
244
381
96
411
294
122
240
43
486
153
240
274
469
364
473
21
159
41
79
87
13
312
85
498
326
192
270
209
12
121
388
469
431
106
388
103
164
131
157
341
498
82
176
488
237
212
342
348
18
175
100
335
213
479
138
285
205
150
108
210
484
137
422
469
369
446
257
189
115
69
371
43
91
491
397
172
112
104
40
384
229
408
216
448
160
233
350
55
345
432
406
299
496
251
156
228
483
76
168
329
286
448
141
145
159
361
272
480
494
356
179
387
392
84
490
327
378
14
223
61
13
246
218
336
408
173
192
233
283
486
470
449
471
435
30
197
241
64
22
414
306
451
67
53
140
373
405
441
138
200
281
227
96
205
98
475
81
344
415
352
98
46
311
425
240
151
93
8
405
409
428
45
64
404
161
336
109
302
470
339
324
111
355
307
488
188
385
243
437
144
163
350
341
268
440
42
111
307
330
174
111
377
221
312
428
298
407
257
380
38
269
163
21
187
197
465
51
238
266
294
25
363
244
496
126
311
6
289
146
56
370
169
64
203
314
71
158
8
271
170
77
436
89
336
424
44
400
246
308
235
387
405
183
160
200
251
140
245
360
352
16
88
205
336
113
145
109
398
54
178
210
311
268
165
69
320
389
406
209
342
324
175
97
79
237
353
104
151
228
390
302
425
362
443
247
135
254
240
315
210
125
320
200
70
222
411
467
385
335
310
399
29
40
376
244
491
148
339
88
438
5
48
262
291
73
113
383
270
366
47
365
213
481
10
152
469
308
218
498
276
184
91
387
333
226
380
440
198
123
108
29
42
345
375
387
331
33
114
492
441
437
495
127
56
150
189
186
464
91
492
428
150
237
330
353
170
376
83
375
4
232
78
344
37
27
64
48
361
225
121
64
239
252
482
165
399
445
497
307
27
496
70
444
389
304
27
372
305
4
380
30
79
381
84
143
483
45
491
493
172
192
456
463
289
123
186
269
107
443
160
68
307
167
57
78
70
97
3
21
88
248
479
301
252
496
156
227
73
82
137
155
5
42
478
349
133
368
413
187
478
484
130
90
201
209
448
355
295
166
204
86
267
415
331
500
230
482
417
336
109
97
58
185
442
425
12
74
97
424
261
31
238
176
396
98
39
22
190
225
209
438
135
77
55
291
430
148
53
405
468
133
317
304
136
220
454
461
166
312
185
210
161
339
247
409
1
129
324
267
472
388
215
13
230
459
379
281
309
104
380
97
138
140
322
190
357
435
389
113
180
1
367
261
110
133
28
27
408
458
411
293
469
196
455
299
228
496
1
363
16
461
138
380
412
163
364
208
489
493
443
186
77
488
491
464
366
197
299
328
458
119
313
292
138
214
265
73
303
342
384
362
393
308
313
470
445
114
321
393
328
65
417
120
77
270
289
117
71
124
149
484
500
212
495
263
206
74
280
90
52
462
8
163
210
246
10
26
58
220
389
342
74
315
150
69
147
315
291
19
225
153
225
20
118
195
294
21
347
327
398
30
101
409
168
7
233
458
354
60
120
109
173
279
227
351
419
186
72
216
163
405
414
203
265
103
478
190
455
414
372
183
123
91
430
164
72
16
13
296
26
401
423
70
43
136
275
341
374
33
491
133
331
116
234
48
446
368
245
34
54
126
256
32
456
399
43
196
290
115
84
295
405
449
391
403
398
6
435
244
225
364
196
211
257
285
377
168
386
356
162
471
134
381
307
388
386
164
496
195
223
440
350
492
466
294
128
373
304
383
114
174
457
313
420
360
132
406
376
484
320
52
367
188
454
463
430
33
45
342
343
271
235
492
487
250
186
95
188
37
292
190
467
210
344
66
103
249
204
379
220
424
241
286
283
51
197
244
267
247
358
182
295
61
314
372
350
147
42
329
391
296
487
329
167
123
191
485
36
264
344
99
207
391
225
286
233
473
342
305
100
53
116
457
92
197
101
155
98
87
252
223
238
145
466
110
234
337
482
28
486
289
9
197
47
45
326
178
380
329
147
465
42
371
312
168
6
475
20
324
99
360
447
242
313
141
409
85
405
267
4
484
438
18
446
486
67
378
35
217
19
14
486
178
270
225
295
411
429
324
126
98
235
340
257
54
140
302
308
169
198
212
135
111
345
330
500
464
464
73
91
450
33
208
153
5
342
71
487
221
186
412
348
67
19
357
164
86
88
470
134
397
59
152
105
58
51
172
475
359
314
386
345
87
35
410
444
37
188
182
268
179
201
482
326
71
70
189
382
171
14
483
60
396
343
268
249
119
97
141
484
223
239
488
88
412
323
80
361
394
317
13
199
324
233
89
304
291
298
14
231
323
360
255
44
119
345
298
450
285
67
194
121
138
40
205
480
245
376
470
395
418
120
326
105
94
167
483
248
375
331
235
388
264
76
290
305
440
364
226
255
75
459
181
250
231
40
396
424
474
438
318
449
425
4
59
54
474
124
11
186
357
172
186
490
339
286
8
117
239
447
173
65
224
424
300
182
476
492
233
382
491
351
72
415
214
18
365
245
181
259
307
438
417
377
312
148
163
12
491
466
62
201
172
34
423
108
133
405
382
335
126
306
406
376
478
252
212
194
314
145
180
62
429
397
188
358
37
332
375
366
101
92
403
232
438
298
65
498
120
362
148
426
179
91
437
390
175
33
301
59
83
133
198
193
312
213
26
369
69
103
232
468
432
175
371
304
169
278
109
494
475
5
329
20
188
42
425
309
218
243
464
474
190
87
422
123
128
138
488
397
21
80
286
208
199
137
25
13
99
167
185
461
77
309
257
149
130
294
306
335
460
219
454
10
245
39
252
24
460
353
362
79
201
499
321
7
316
298
418
34
8
105
9
138
393
160
260
418
308
496
349
458
264
438
48
151
424
376
450
363
22
318
247
369
221
90
465
148
265
446
279
459
324
387
32
456
284
145
277
143
89
140
279
386
364
4
175
212
223
52
119
442
310
206
463
259
438
368
263
278
354
475
345
482
22
345
431
112
218
43
66
9
234
482
411
480
131
282
457
50
388
224
329
486
236
495
51
400
147
480
182
441
404
106
266
152
242
374
283
340
24
295
481
159
329
164
280
462
219
397
5
244
398
170
55
228
473
282
423
102
175
455
293
227
385
282
207
182
240
269
12
403
185
294
339
73
458
122
359
263
398
133
278
54
351
82
65
28
494
214
485
482
252
252
321
245
136
124
326
353
239
215
476
460
111
337
257
270
152
309
51
375
255
148
280
324
441
166
333
319
259
389
133
198
476
423
114
167
329
445
326
374
299
380
130
449
427
81
486
459
17
323
285
190
172
409
498
247
403
239
58
300
251
419
209
169
378
228
375
299
376
497
260
84
81
70
390
451
221
243
496
481
349
406
415
152
419
370
188
141
372
418
232
92
161
79
306
200
486
37
224
469
366
20
102
479
89
184
225
27
384
493
254
360
279
418
140
215
149
190
131
281
408
281
166
257
495
106
226
391
356
193
96
206
368
119
494
62
218
481
163
231
27
306
486
345
158
152
70
157
367
188
180
56
408
189
219
223
371
191
269
25
430
182
39
178
120
214
217
395
310
352
467
354
234
332
230
438
53
85
97
431
29
284
55
128
90
209
444
446
237
462
356
198
479
97
365
475
207
151
410
477
134
126
231
143
86
427
419
442
448
277
194
158
405
381
477
179
265
418
188
261
193
248
492
231
421
196
379
435
65
28
431
495
361
36
149
78
186
243
48
126
484
52
45
217
116
314
68
156
355
309
236
235
462
336
336
147
405
372
160
479
35
148
435
440
379
221
34
246
6
85
48
416
429
237
20
476
371
31
174
211
340
73
158
173
329
16
341
339
107
112
445
168
157
443
458
203
427
287
256
339
72
381
413
427
316
30
491
33
312
371
334
309
493
40
34
186
82
103
362
397
290
333
174
381
8
252
383
364
160
250
249
234
491
72
339
459
453
490
274
350
291
301
429
211
141
111
64
36
390
201
430
158
383
152
36
227
323
442
61
111
26
114
351
162
289
329
57
334
12
190
396
167
264
183
382
256
90
14
259
290
455
140
96
477
474
430
477
97
392
20
477
294
403
324
249
72
213
475
486
72
61
147
16
82
158
493
138
495
171
287
395
477
64
28
166
89
273
225
382
256
68
440
418
319
238
256
402
46
412
153
364
315
68
407
324
424
243
462
130
88
458
315
29
234
214
145
454
377
368
65
194
477
84
289
291
389
453
401
491
198
441
130
398
26
198
137
102
246
134
475
303
154
467
228
121
415
71
492
89
6
307
256
352
483
233
152
43
486
14
378
425
184
384
118
223
161
381
107
432
187
133
436
213
49
423
211
48
51
497
263
378
392
451
392
463
327
166
470
109
27
293
145
320
163
134
182
104
28
357
5
465
144
311
159
323
330
344
113
267
158
241
416
94
439
9
191
392
56
313
141
352
398
464
285
190
439
205
328
322
174
237
112
38
71
409
49
272
124
121
278
285
227
121
446
235
89
71
83
435
5
204
217
113
20
465
77
347
156
303
168
234
191
485
148
325
481
310
40
493
203
393
125
295
282
405
202
135
280
36
427
299
79
366
169
402
497
491
413
353
75
437
81
329
353
373
482
332
216
29
51
84
208
401
53
161
481
339
275
430
371
382
454
400
258
43
43
307
31
280
97
87
421
318
254
401
364
173
56
149
13
61
160
490
300
196
284
474
264
179
272
28
9
389
472
310
105
277
394
203
410
244
352
431
286
17
156
135
191
159
193
411
71
483
156
98
281
151
388
258
27
489
313
156
406
68
312
328
127
189
190
301
323
69
271
253
456
291
491
325
117
296
81
429
181
54
124
220
153
421
109
238
285
347
95
6
496
478
52
22
58
477
341
30
62
98
387
59
161
229
439
442
1
480
240
296
66
434
239
317
150
442
420
473
399
323
152
320
458
56
450
218
290
380
273
189
266
319
60
200
41
337
211
59
182
109
25
290
65
424
473
309
158
131
35
406
238
4
60
257
143
79
286
316
486
63
149
10
376
128
180
280
20
401
38
77
122
384
157
13
338
442
24
275
101
297
92
88
472
229
312
411
376
10
473
383
368
370
141
95
147
214
253
448
22
65
278
441
42
402
424
60
57
475
212
279
104
333
370
367
450
341
246
205
397
295
227
393
51
90
398
414
175
232
101
479
73
491
477
90
83
269
227
11
110
283
434
77
277
454
85
112
310
290
317
428
479
294
414
204
370
190
213
302
139
139
446
296
380
10
288
5
98
428
75
186
185
294
230
360
466
436
212
257
166
470
383
380
156
198
370
385
121
156
91
167
264
231
442
468
10
276
130
235
68
302
162
100
195
94
63
78
114
130
20
492
79
103
399
286
115
429
437
146
85
182
477
168
133
251
308
387
48
332
37
97
379
89
474
86
110
222
392
477
38
374
479
139
126
361
366
5
154
28
295
472
145
26
170
245
316
397
320
283
441
432
258
443
120
418
170
403
469
209
20
54
383
478
433
182
471
55
167
360
374
327
300
481
307
325
368
472
307
408
265
211
163
175
352
157
245
36
211
442
341
154
361
451
298
252
370
415
120
352
285
456
35
241
482
107
451
446
144
262
452
307
113
47
67
18
14
261
182
242
135
206
419
155
331
329
75
252
335
169
140
57
483
39
478
423
46
129
28
218
386
29
164
124
480
128
328
167
92
180
450
134
387
341
142
498
453
92
151
273
201
335
212
182
97
315
297
417
318
27
182
48
124
103
452
252
379
138
482
217
417
96
294
405
134
245
341
13
446
365
201
488
117
497
77
469
4
7
431
153
415
47
182
455
161
21
127
67
346
411
259
11
296
431
129
340
297
278
85
263
301
148
4
113
328
50
221
270
83
440
157
162
393
405
48
6
167
287
272
93
330
497
259
353
285
180
114
250
318
287
39
35
266
277
482
305
163
186
78
155
114
351
5
123
188
483
350
320
255
321
141
200
23
1
423
476
63
456
369
279
242
263
392
449
355
321
292
327
263
102
29
358
481
175
365
261
49
230
180
366
239
311
327
65
150
149
352
282
476
426
471
194
9
218
24
42
181
392
129
487
242
483
270
403
265
302
76
226
261
224
109
270
500
318
424
388
420
79
169
258
118
13
294
186
110
376
454
194
491
326
219
288
10
299
319
396
163
283
196
214
436
479
499
145
309
412
484
143
460
293
197
498
67
42
292
54
25
238
373
303
252
322
4
85
462
286
202
99
280
376
153
322
10
291
294
189
277
263
423
459
142
252
188
463
409
225
338
326
341
387
18
77
31
447
229
113
384
334
158
32
77
450
26
487
340
35
413
318
185
434
181
299
453
9
194
265
400
477
329
265
337
370
26
377
464
280
84
48
303
387
252
109
194
321
363
323
42
275
269
57
13
173
234
357
425
10
448
13
221
268
32
123
36
262
152
2
30
140
149
217
316
7
351
440
109
257
154
439
426
200
259
239
11
289
147
226
490
261
166
239
431
35
480
462
455
454
88
319
291
149
472
5
55
104
429
152
391
345
471
99
374
163
204
10
437
167
218
117
456
178
37
118
75
226
109
185
61
186
100
179
467
23
184
410
491
494
353
2
387
485
59
174
102
475
92
453
357
411
163
320
395
345
124
323
174
12
41
48
141
156
481
216
444
309
306
227
253
461
476
135
190
212
447
225
360
351
78
351
486
444
4
360
150
116
463
274
401
283
315
280
110
394
146
323
240
496
384
137
111
412
399
153
445
375
9
468
481
461
178
241
481
379
239
108
458
183
396
440
466
165
339
252
395
191
327
244
270
396
213
443
430
21
311
453
322
190
251
255
362
10
476
318
336
17
90
284
76
337
320
276
440
132
252
175
131
156
179
152
206
499
473
263
373
355
233
318
196
337
337
271
100
404
396
144
268
494
140
304
445
381
477
287
8
385
30
82
271
151
278
479
115
238
189
449
335
151
138
208
302
222
223
227
265
60
99
365
333
8
348
156
263
378
476
368
442
78
149
473
301
497
427
472
318
317
447
149
60
135
8
381
462
262
475
473
166
170
312
318
43
300
425
218
183
29
258
124
237
460
154
478
322
332
56
256
64
14
190
486
424
260
449
359
415
21
49
48
111
92
119
269
191
341
357
41
227
108
209
365
384
448
146
102
328
276
380
135
179
304
68
41
272
100
192
3
477
478
293
6
216
141
414
357
108
100
237
40
194
174
323
171
412
339
431
312
427
267
179
190
195
12
137
213
398
237
128
50
180
301
283
341
385
499
401
457
86
181
369
457
216
77
9
1
401
36
84
280
173
404
392
16
261
396
289
468
78
413
407
350
151
356
338
372
354
177
374
105
110
379
69
307
226
385
202
404
156
75
263
193
229
366
70
404
256
18
163
424
407
147
197
134
426
20
22
374
447
160
270
113
51
114
316
395
101
413
133
221
322
30
96
364
270
372
39
476
341
387
489
235
23
237
58
61
144
360
207
448
423
238
243
192
397
74
415
246
5
404
248
306
255
190
224
241
90
412
339
179
77
465
414
374
18
277
39
50
145
24
448
347
39
284
427
266
114
174
49
67
304
41
256
265
137
209
245
491
371
240
70
43
413
325
257
240
230
142
372
47
339
381
295
125
108
366
489
119
370
163
314
358
52
114
286
352
95
60
94
207
233
455
253
152
215
302
209
210
162
427
33
470
441
59
328
127
283
52
460
379
468
181
470
263
19
252
28
246
438
359
95
278
478
257
120
350
284
29
412
448
184
236
74
434
184
455
451
133
222
418
325
317
440
256
167
345
18
155
485
87
21
247
481
451
166
294
302
326
326
498
383
424
276
269
195
377
105
160
274
440
59
270
274
141
302
296
334
309
19
27
5
48
86
474
387
491
424
342
133
420
447
111
23
444
473
386
401
39
463
69
435
450
204
119
457
313
325
336
239
169
17
409
294
145
373
65
12
163
321
330
341
119
490
357
213
15
250
370
310
135
326
413
55
62
459
455
325
426
19
431
224
333
299
405
54
404
334
340
413
214
35
432
425
226
266
396
101
274
35
298
60
41
47
352
181
494
336
492
487
302
78
203
195
157
213
218
35
331
342
409
10
271
207
260
285
485
134
199
257
444
310
441
2
52
431
325
264
420
261
102
333
166
280
228
358
53
459
189
490
220
15
444
469
273
158
50
81
121
139
290
225
17
476
49
379
200
353
278
471
88
1
490
113
481
230
322
374
431
24
352
369
145
48
416
170
178
248
475
335
317
185
32
471
97
306
439
9
252
272
429
263
419
288
128
483
377
60
120
159
145
106
280
74
286
191
465
66
13
262
460
283
13
238
130
106
242
354
381
112
447
446
263
390
460
120
231
458
344
202
377
125
470
188
424
85
288
136
105
362
406
287
485
420
171
333
393
258
399
300
490
202
251
88
332
49
292
493
86
298
194
176
425
318
306
492
24
112
418
130
446
169
403
44
101
140
221
317
168
306
399
435
384
352
42
279
429
228
321
232
328
457
7
182
290
400
105
289
254
241
489
120
302
209
324
109
386
433
153
324
167
309
362
71
35
354
350
69
289
315
210
392
55
95
495
299
320
276
36
475
255
246
296
235
325
365
463
203
411
67
254
216
180
129
188
133
87
226
207
473
202
360
315
375
86
192
131
69
350
488
205
266
296
390
71
362
439
276
177
55
247
153
10
206
227
373
240
475
157
360
194
32
259
319
426
113
491
380
137
259
195
181
78
28
170
331
228
193
334
49
347
231
7
122
273
341
57
85
141
199
142
432
456
121
485
147
226
88
281
229
147
272
170
449
272
50
103
414
116
145
148
319
111
48
128
268
430
415
428
141
281
349
388
225
423
182
106
155
379
300
464
158
385
107
478
234
444
128
404
198
484
23
314
494
246
469
119
265
112
151
68
258
44
401
271
